image: map.pgm
resolution: 0.050000
origin: [-27.704538, -32.783363, 0.000000]
negate: 0
occupied_thresh: 0.65
free_thresh: 0.196

